id,empty_cells_count,neighbour_difference_heuristic,highest_tile,highest_tile_in_corner_heuristic,best_move,score,amount_of_combineable_tiles,move_possible_array,heuristic_array
20171017_191947,14,5,4,0,0,15624,0,"[1, 1, 1, 1]","[-1.6919306264804961, 99.432428817150551, -1.568943803640086, 99.307337309097846]"
20171017_191947,13,7,4,0,2,0,0,"[1, 1, 1, 1]","[-1.5774423517811382, 99.422476269114298, -1.6850933439280547, 99.148133744463209]"
20171017_191947,12,6.0,4,0,2,0,0,"[1, 1, 1, 1]","[-1.4870528427998071, 99.416253594001574, -1.6550254404261215, 99.096100424567709]"
20171017_191947,11,3.0,4,0,0,0,1,"[1, 1, 1, 1]","[-2.2064085371797244, 98.987302779301416, -1.5838911322822848, 99.066681792216116]"
20171017_191947,12,2.0,4,0,0,0,0,"[1, 1, 1, 1]","[-2.2389583591267384, 99.425857630720969, -1.9567991415954769, 99.222970574883405]"
20171017_191947,12,6.0,8,0,0,8,0,"[1, 1, 1, 1]","[-1.702239218620039, 99.346222393115525, -1.4591034761557369, 99.053660859908277]"
20171017_191947,11,4.0,8,0,2,16,1,"[1, 1, 1, 1]","[-1.4413766229165557, 99.556348277228693, -1.7465838729349012, 98.765307920819637]"
20171017_191947,11,1.0,8,0,2,16,1,"[1, 1, 1, 1]","[-1.6633552231230011, 99.482570534367539, -1.8811786949268672, 98.937373983327831]"
20171017_191947,12,7.0,8,0,2,20,0,"[1, 1, 1, 1]","[-1.6549555534465852, 99.342430146942519, -1.8315523077409761, 99.322630571636452]"
20171017_191947,12,11.0,16,0,2,32,0,"[1, 1, 1, 1]","[-1.4857148163349447, 99.484375609384671, -1.5073094587642748, 99.359948593470563]"
20171017_191947,11,3.0,16,0,2,48,0,"[1, 1, 1, 1]","[-1.2027393959390063, 99.850245366761911, -1.6526857813321074, 99.206082315335451]"
20171017_191947,11,4.0,16,0,2,48,0,"[1, 1, 1, 1]","[-1.467228899523342, 99.630230773983314, -1.5138135312769005, 99.41895601070587]"
20171017_191947,10,4.0,16,0,0,52,0,"[1, 1, 0, 1]","[-1.558521882408189, 99.557077066830303, inf, 99.77857740798585]"
20171017_191947,11,7.0,16,0,2,52,0,"[1, 1, 1, 1]","[-1.2349396968648958, 99.550659519221796, -1.2942853104088097, 99.428986127808614]"
20171017_191947,10,8.0,16,0,2,64,0,"[1, 1, 1, 1]","[-1.2552860405392137, -1.1170267063798536, -1.4406402781097869, 99.282614852765946]"
20171017_191947,10,6.0,16,0,0,64,1,"[1, 1, 1, 1]","[-1.5111826666665118, 99.407914076400559, -1.38762388769447, 99.167061379961439]"
20171017_191947,10,7.0,16,0,0,68,1,"[1, 1, 1, 1]","[-1.4392922234634182, 99.406227764818041, -1.3144415828859415, 99.240603743308057]"
20171017_191947,10,10.0,16,0,0,76,0,"[1, 1, 1, 1]","[-2.1791035216578343, 99.69885801476741, -1.3126723897480397, 99.163767678019852]"
20171017_191947,10,8.0,32,0,2,92,1,"[1, 1, 1, 1]","[-1.1551443451682588, 99.848393175372195, -1.3711739753260392, 99.055860697385128]"
20171017_191947,10,9.0,32,0,0,124,0,"[1, 1, 1, 1]","[-1.2233606234051013, 99.628821534369692, -1.1700166156918401, 99.597913020128914]"
20171017_191947,10,9.0,32,0,2,128,0,"[1, 1, 1, 1]","[-1.0883965639055337, 99.622311860797041, -1.2489368590154721, 99.368920135983217]"
20171017_191947,10,9.0,32,0,2,132,0,"[1, 1, 1, 1]","[-1.0150337280506843, 99.837712782652773, -1.3676691866683131, 99.522371007016787]"
20171017_191947,10,8.0,32,0,2,140,0,"[1, 1, 1, 1]","[-0.94269227908540654, 100.0676099187168, -1.2215171427955278, 99.595550086502868]"
20171017_191947,10,9.0,32,0,0,144,0,"[1, 1, 1, 1]","[-1.0150428665715749, 100.05722487410478, -1.008118244339733, 99.808645309434382]"
20171017_191947,9,13.0,32,0,0,152,0,"[1, 1, 1, 1]","[-1.22849876000347, 99.984104467567448, -0.80199901055870992, 99.476218273140688]"
20171017_191947,9,6.0,32,0,0,152,1,"[1, 1, 1, 1]","[-1.3720025328723486, 99.621736730601995, -1.1604839990852129, 99.476248273863447]"
20171017_191947,9,8.0,32,0,0,156,0,"[1, 1, 1, 1]","[-1.4939923157070449, 99.765014635192173, -1.0215484412441809, 99.613483594073756]"
20171017_191947,9,6.0,32,0,0,164,0,"[1, 1, 1, 1]","[-1.2337558135406681, 99.912131022847589, -1.0874158456096734, 99.190662735125287]"
20171017_191947,9,10.0,32,0,3,180,0,"[1, 1, 1, 1]","[-1.0885629380098369, 99.978097396384882, -1.0146326599493829, -1.1656458536730381]"
20171017_191947,8,5.0,32,0,0,184,1,"[1, 1, 1, 0]","[-1.4723286947786607, 99.470892078767108, -0.79660486211855985, inf]"
20171017_191947,9,7.0,32,0,3,184,0,"[1, 1, 1, 1]","[-0.95037427740154323, 100.28358492477733, -1.1508411635532478, -1.3804964213832518]"
20171017_191947,8,5.0,32,0,3,196,0,"[1, 1, 1, 1]","[-0.95255839444637791, 100.06406196901465, -1.1584462446476209, -1.2413851350563054]"
20171017_191947,7,4.0,32,0,0,196,1,"[1, 1, 1, 1]","[-1.5358895396523773, 99.482803496489026, -1.0845437101864752, -1.094314678909051]"
20171017_191947,9,5.0,32,0,0,196,0,"[1, 1, 1, 1]","[-1.2478147329146481, 99.822350392830984, -0.92791249816273746, -1.0841825925069704]"
20171017_191947,9,10.0,32,0,3,220,0,"[1, 1, 1, 1]","[-1.0892117513143265, 99.816144768941086, -1.2293533173479516, -1.2341518586134756]"
20171017_191947,8,5.0,32,0,0,228,1,"[1, 1, 1, 1]","[-1.3783827033515732, 99.673277728348012, -1.2294804434814879, -1.2341242739589182]"
20171017_191947,8,7.0,32,0,3,228,0,"[1, 1, 1, 1]","[-1.2403602588756044, 99.984233796895936, -1.2355823178345484, -1.2406063361678084]"
20171017_191947,7,5.0,32,0,2,232,0,"[1, 1, 1, 0]","[-1.0216085075759143, 99.74295836209869, -1.1689499147363087, inf]"
20171017_191947,6,6.0,32,0,2,232,0,"[1, 1, 1, 1]","[-0.87638547148127777, 100.33795474535553, -1.0327329158525291, -0.66980410972753213]"
20171017_191947,5,7.0,32,0,2,232,0,"[1, 1, 1, 1]","[-0.95888226258016773, 100.25811011472061, -0.96096593409798015, -0.81756310627732753]"
20171017_191947,5,10.0,32,0,0,232,1,"[1, 1, 1, 1]","[-1.2403424794544569, 99.975332610194087, -0.82113544689690232, -0.53138840336212634]"
20171017_191947,7,10.0,32,0,0,236,0,"[1, 1, 1, 1]","[-1.0974614309093642, 99.901772492505017, -0.95453768082355761, -0.96055606666161231]"
20171017_191947,7,8.0,32,0,3,252,0,"[1, 1, 1, 1]","[-0.95451000266168295, 99.962919044772505, -0.87057324137194181, -1.0225501674081992]"
20171017_191947,7,9.0,32,0,0,260,0,"[1, 1, 1, 1]","[-1.5581401917999713, 100.05672338604286, -0.79599714332401406, -0.94797570902119455]"
20171017_191947,8,2.0,32,0,2,276,0,"[1, 1, 1, 1]","[-1.4541802627536597, 99.910653234793131, -1.7505955010358778, 99.367399598010294]"
20171017_191947,9,8.0,64,0,0,312,0,"[1, 1, 1, 1]","[-1.4948987581412609, 99.921274590569098, -1.3073162272057308, 99.47857867645763]"
20171017_191947,10,6.0,64,0,0,384,0,"[1, 1, 1, 1]","[-1.4479504658957234, 99.548936169102348, -1.4201436881489111, 99.21994442861363]"
20171017_191947,9,5.0,64,0,2,404,1,"[1, 1, 1, 1]","[-1.4475633763693114, 99.548937681170813, -1.635641310948849, 99.148834577296668]"
20171017_191947,10,6.0,64,0,0,404,0,"[1, 1, 1, 1]","[-1.3071494000521151, 100.13098644744001, -1.2142416939253664, 99.456233845955069]"
20171017_191947,9,3.0,64,0,2,440,0,"[0, 1, 1, 1]","[inf, 100.12454403438885, -1.0775023233853944, 99.198576842976848]"
20171017_191947,10,11.0,64,100,3,440,0,"[0, 1, 0, 1]","[inf, 99.911369841312265, inf, 99.195177262556754]"
20171017_191947,9,5.0,64,0,2,452,0,"[1, 1, 1, 1]","[98.55329585393406, 99.824185379105373, -1.9923150833314396, 98.84555234500958]"
20171017_191947,9,8.0,64,0,0,452,1,"[1, 1, 0, 1]","[-1.2975198233858729, 99.695340426234495, inf, 99.33503988578984]"
20171017_191947,9,9.0,64,0,0,456,0,"[1, 1, 0, 1]","[-0.86226937518048585, 99.691474561472518, inf, 99.627801446191484]"
20171017_191947,9,13.0,64,0,2,464,0,"[1, 1, 1, 1]","[-0.87136682941502308, 99.83130969630497, -0.9414581506846802, 99.185978159195031]"
20171017_191947,8,8.0,64,0,3,480,0,"[1, 1, 0, 1]","[-0.86838789324792798, 99.977674059213868, inf, -1.1731585581221222]"
20171017_191947,7,7.0,64,0,0,480,1,"[1, 1, 1, 1]","[-1.3083940619773402, 100.05883618780034, -1.0239045368049604, -0.95466234458427224]"
20171017_191947,8,8.0,64,0,2,480,0,"[1, 1, 1, 1]","[-0.87133154715132533, 100.93178594869832, -1.2357369969559242, 99.477483799576248]"
20171017_191947,8,7.0,64,0,2,488,0,"[1, 1, 1, 1]","[-1.01474970018511, 99.978475585366212, -1.167477452607447, 99.471781893505224]"
20171017_191947,7,7.0,64,0,2,496,0,"[1, 1, 1, 1]","[-0.87801372543085998, 100.33767409606838, -1.0943037580002659, 99.618119309142571]"
20171017_191947,7,9.0,64,0,0,496,1,"[1, 1, 0, 1]","[-1.1657926037818087, 99.975220717367591, inf, 99.908282413066885]"
20171017_191947,7,8.0,64,0,0,500,0,"[1, 1, 0, 1]","[-0.80181500751931678, 100.18881368371622, inf, -0.7396959430260498]"
20171017_191947,7,8.0,64,0,3,504,0,"[0, 1, 1, 1]","[inf, 100.10616789196837, -0.87491484239578443, -1.0995523357061674]"
20171017_191947,7,7.0,64,0,0,512,0,"[1, 1, 1, 0]","[-0.80461582506512019, 100.26908943041676, -0.72985567547678176, inf]"
20171017_191947,7,14.0,64,0,2,516,0,"[1, 1, 1, 1]","[-0.88132131027174532, 100.33269176184028, -1.0209755414318855, -0.88130374118864652]"
20171017_191947,6,6.0,64,0,0,524,0,"[1, 1, 1, 1]","[-0.8960194071853238, 100.25868392692429, -0.88134797611066629, -0.74163808706671797]"
20171017_191947,7,11.0,64,0,3,524,0,"[0, 1, 0, 1]","[inf, 99.813267633091669, inf, -1.1782409736737542]"
20171017_191947,6,6.0,64,0,3,544,0,"[1, 1, 1, 1]","[-1.0668494485932998, 99.828441259834094, -0.51771203592840498, -1.1073220993030297]"
20171017_191947,5,6.0,64,0,0,544,1,"[1, 1, 1, 0]","[-1.4304915778927632, 99.61240266927733, -0.82130547819924882, inf]"
20171017_191947,7,6.0,64,0,2,544,2,"[1, 1, 1, 1]","[-0.95217471480274163, 100.04810983581298, -1.6139399173781883, 98.926512209551944]"
20171017_191947,8,7.0,64,0,0,584,0,"[1, 1, 1, 1]","[-1.3832095677631799, 99.688771058551808, -1.0464949567808324, 99.946431467883116]"
20171017_191947,8,4.0,64,0,2,656,0,"[0, 1, 1, 1]","[inf, 100.33809535176211, -1.2009614840568852, 99.38540502125683]"
20171017_191947,9,13.0,128,0,0,660,0,"[1, 1, 1, 1]","[-0.87020041727762087, 99.977527249477944, -0.86828941625842038, 99.477859982988733]"
20171017_191947,8,12.0,128,0,2,804,1,"[1, 1, 1, 1]","[-0.72385531424742922, 100.12387994133304, -1.1593958497104389, 99.260892517807562]"
20171017_191947,8,9.0,128,0,0,804,1,"[1, 1, 1, 1]","[-1.1575503022860363, 99.834677162962464, -0.9490765675825934, 99.802057343335534]"
20171017_191947,8,7.0,128,0,0,808,1,"[1, 1, 1, 1]","[-1.3710792845727391, 99.625592065621291, -0.94909087348601306, 99.875221003380915]"
20171017_191947,9,7.0,128,0,0,812,0,"[1, 1, 1, 1]","[-0.94207705171989076, 100.06110659688257, -0.86944126213480788, 99.660968530350416]"
20171017_191947,9,12.0,128,0,3,824,0,"[0, 1, 0, 1]","[inf, 99.981463285326768, inf, -0.94429093584055535]"
20171017_191947,8,11.0,128,0,3,832,0,"[1, 1, 1, 1]","[-0.72290391689402134, 100.12960918006463, -0.50612216900407114, -0.72845712019327291]"
20171017_191947,7,13.0,128,0,3,832,0,"[1, 1, 1, 1]","[-0.58410686315913674, 100.41397581481382, -0.43294960813326822, -0.65528776520890564]"
20171017_191947,7,14.0,128,0,0,832,1,"[1, 1, 1, 1]","[-0.87415306272105842, 100.05480369915838, -0.43945093138938762, -0.66178953570049581]"
20171017_191947,7,11.0,128,0,3,836,0,"[1, 1, 1, 1]","[-0.65721737271257397, 99.97443835830191, -0.72520463295826909, -0.87472353509372791]"
20171017_191947,7,10.0,128,0,0,840,0,"[1, 1, 1, 0]","[-0.80536379343592601, 100.19630191529569, -0.58543702315869406, inf]"
20171017_191947,7,9.0,128,0,0,844,1,"[1, 1, 1, 1]","[-1.0908282697842819, 99.978425312907248, -0.65953405773102303, 99.764536520071132]"
20171017_191947,7,10.0,128,0,0,852,1,"[1, 1, 1, 1]","[-0.94645221139635016, 100.05160289927223, -0.51324682953605316, 99.764531305923029]"
20171017_191947,7,12.0,128,0,2,856,0,"[1, 1, 1, 1]","[-0.51267041245584977, 99.82810732398022, -0.66276831860657215, 100.12942685306123]"
20171017_191947,7,12.0,128,0,0,864,0,"[1, 1, 1, 1]","[-0.60526379234138294, 100.27372603994617, -0.50897199200033272, 100.06003676970785]"
20171017_191947,8,16.0,128,0,3,880,0,"[0, 1, 1, 1]","[inf, 100.26715019789714, -0.43580041529771918, -0.80317619723151579]"
20171017_191947,7,11.0,128,0,0,916,0,"[1, 1, 1, 0]","[-0.66356329744906828, 100.2741933277949, -0.58866690544343292, inf]"
20171017_191947,8,11.0,128,0,2,916,0,"[0, 1, 1, 1]","[inf, 100.26763846544715, -0.86641609610709203, -0.79523233867949672]"
20171017_191947,8,11.0,128,0,0,928,0,"[1, 1, 1, 1]","[-0.74937840062283023, 100.56006375730533, -0.72849675710492801, -0.65726832325348028]"
20171017_191947,8,14.0,128,0,3,932,0,"[1, 1, 1, 1]","[-0.72850868464610652, 100.696634204189, -0.94085793326173861, -1.2365106621280313]"
20171017_191947,8,7.0,128,0,0,948,0,"[1, 1, 1, 0]","[-1.0864431238613244, 100.064730367462, -0.94511329588666126, inf]"
20171017_191947,9,7.0,128,0,0,956,0,"[1, 1, 1, 1]","[-1.2280560897795914, 99.845218095266929, -1.0862430663472065, -0.94145674022516523]"
20171017_191947,9,8.0,128,0,0,976,0,"[1, 1, 1, 1]","[-1.0880175366566589, 100.13118943081633, -0.78648254356916547, -1.0089865534196016]"
20171017_191947,8,6.0,128,0,0,980,0,"[1, 1, 1, 1]","[-1.1611623710484857, 99.984847257569854, -1.0860173056787796, -0.79616914846611697]"
20171017_191947,8,8.0,128,0,0,980,0,"[1, 1, 1, 1]","[-1.0211640529632184, 100.34265062146427, -0.86615825168752536, -0.86957559238876592]"
20171017_191947,7,9.0,128,0,3,984,0,"[1, 1, 1, 1]","[-0.88130414730841033, 100.84155643754575, -0.94585728438482919, -0.94922784518079351]"
20171017_191947,7,10.0,128,0,2,984,0,"[1, 1, 1, 1]","[-0.80181582708204358, 100.26423450129393, -0.94484101238719331, -0.80160603617364878]"
20171017_191947,7,7.0,128,0,0,992,0,"[1, 1, 1, 1]","[-1.0944947559245466, 99.8967641072433, -1.0211377938251811, -0.95108621240620772]"
20171017_191947,7,9.0,128,0,3,996,0,"[1, 1, 1, 1]","[-0.95532319976509361, 100.18275428732221, -1.0142308626267778, -1.2396403514895655]"
20171017_191947,8,6.0,128,0,0,1004,0,"[1, 1, 1, 0]","[-1.0918964963466671, 100.06467362125011, -0.64940627366421944, inf]"
20171017_191947,9,11.0,128,0,2,1024,0,"[1, 1, 1, 1]","[-1.0150022380488828, 100.13113874684653, -1.0322663804016174, 99.622869845593868]"
20171017_191947,9,11.0,128,100,3,1064,0,"[0, 1, 0, 1]","[inf, 100.41714792328038, inf, 99.702914899529816]"
20171017_191947,8,15.0,128,0,2,1128,0,"[1, 1, 1, 1]","[99.34469308072201, 100.13607548133226, -1.6474571002863292, 99.344712251949829]"
20171017_191947,7,11.0,128,0,2,1128,0,"[1, 1, 1, 1]","[-0.51547201458329506, -0.35870495182554674, -0.80162561529061827, 99.696405022792277]"
20171017_191947,7,12.0,128,0,2,1128,0,"[1, 1, 1, 1]","[-0.43751336259855111, 100.26429841418033, -0.66178621207566524, 99.982585293496783]"
20171017_191947,6,10.0,128,0,2,1132,1,"[1, 1, 1, 1]","[-0.50947878366817145, 100.48227489321518, -0.87781569051315778, 99.620212345221177]"
20171017_191947,6,12.0,128,0,2,1132,0,"[1, 1, 1, 1]","[-0.37089319966766576, 100.4025977399664, -0.51546559893006749, 99.909391315200139]"
20171017_191947,6,10.0,128,0,2,1136,1,"[1, 1, 1, 1]","[-0.5890156324969017, -0.13916276694943486, -0.80465859126971007, 99.693372724837573]"
20171017_191947,6,13.0,128,0,2,1144,0,"[1, 1, 1, 1]","[-0.45041634843596745, -0.1456530093948547, -0.51551772100857207, 99.763049551412877]"
20171017_191947,6,11.0,128,0,0,1148,0,"[1, 1, 0, 1]","[-0.50917161247443643, 100.48227521101516, inf, 99.683413785765552]"
20171017_191947,7,12.0,128,0,2,1156,0,"[0, 1, 1, 1]","[inf, 100.38986472162453, -0.72848093676021797, 99.916000741619911]"
20171017_191947,7,13.0,128,0,3,1176,0,"[1, 1, 0, 1]","[-0.57934656675568419, 100.12145128648061, inf, -0.58956543791006444]"
20171017_191947,6,10.0,128,0,0,1184,0,"[1, 1, 1, 0]","[-0.80587306123790403, 100.55080691618524, -0.44760359582309439, inf]"
20171017_191947,7,12.0,128,0,0,1184,0,"[1, 1, 1, 1]","[-0.66181329813759893, 100.68922424817549, -0.50578361918054893, -0.58410336785752925]"
20171017_191947,6,13.0,128,0,2,1192,0,"[0, 1, 1, 1]","[inf, 100.58974534338998, -0.80479156790456519, -0.51742311494596638]"
20171017_191947,6,9.0,128,0,0,1192,1,"[1, 1, 1, 1]","[-1.0698738866629665, 100.26627917429383, -0.66178821849501068, -0.52078182230390102]"
20171017_191947,7,8.0,128,0,0,1208,0,"[1, 1, 1, 1]","[-0.80172311070878755, 100.63092414649145, -0.66140024009167919, -0.73661602362315837]"
20171017_191947,7,8.0,128,0,3,1244,0,"[1, 1, 1, 1]","[-0.80164952902114484, 100.41141182635393, -0.66142417009095522, -0.95639731568750264]"
20171017_191947,6,9.0,128,0,0,1252,1,"[1, 1, 1, 0]","[-0.95175930802745856, 100.33275797207673, -0.81467388595239354, inf]"
20171017_191947,6,8.0,128,0,2,1252,0,"[1, 1, 1, 0]","[-0.80471498522222673, 100.19445566745483, -0.96101531858824962, inf]"
20171017_191947,5,6.0,128,0,2,1256,0,"[1, 1, 1, 1]","[-0.73814156398360942, 100.55066484713407, -0.82117451471918446, -0.60159236004141992]"
20171017_191947,4,8.0,128,0,2,1256,0,"[1, 1, 1, 1]","[-0.45119417933109285, 100.61452296101272, -0.68130686330805457, -0.53491359420031537]"
20171017_191947,3,12.0,128,0,2,1256,0,"[1, 1, 1, 1]","[-0.31135978417447907, 100.23007542488145, -0.60812743431861849, -0.38856608095591216]"
20171017_191947,3,10.0,128,0,3,1256,0,"[1, 1, 0, 1]","[-0.52666427952076589, 100.79530806792967, inf, -0.54141350001839061]"
20171017_191947,2,8.0,128,0,2,1260,0,"[1, 1, 1, 0]","[-0.52508465010818239, 100.5324003987979, -0.69435999463788112, inf]"
20171017_191947,1,8.0,128,0,2,1260,1,"[1, 1, 1, 1]","[-0.60061586028925751, 100.2335567867483, -0.76399384168257833, -0.61760284203672877]"
20171017_191947,1,8.0,128,0,2,1260,1,"[1, 1, 1, 1]","[-0.46076483774004817, 100.42998709236805, -0.83066655855536797, -0.53793333944475474]"
20171017_191947,2,16.0,128,0,2,1264,0,"[1, 1, 1, 1]","[-0.31863519758934578, 101.37072043525114, -0.76099678522930314, -0.10235772569847212]"
20171017_191947,2,7.0,128,0,0,1276,0,"[1, 1, 0, 1]","[-0.45770112331194435, 100.50619456819167, inf, -0.40155379517440359]"
20171017_191947,4,13.0,128,0,0,1284,1,"[1, 1, 1, 1]","[-0.74453106468223451, 100.21712343326253, -0.52690872694489488, -0.2440026846620833]"
20171017_191947,4,13.0,128,0,2,1312,0,"[1, 1, 1, 1]","[-0.45538111369508294, 100.41227870927658, -0.52690842500588175, -0.31714849849810878]"
20171017_191947,4,14.0,128,0,0,1316,0,"[1, 1, 1, 1]","[-1.1312512345885031, 100.24546019221718, -0.60774353857444097, -0.53814794960293288]"
20171017_191947,5,5.0,128,0,2,1348,1,"[1, 1, 1, 1]","[-0.96167476031569332, 100.31978563019352, -1.1856063168985478, 99.284914356246347]"
20171017_191947,7,7.0,128,0,2,1420,0,"[1, 1, 1, 1]","[-1.0152674243297577, 100.41758729832695, -1.2878143049720996, 99.859766686177437]"
20171017_191947,7,10.0,256,0,0,1568,1,"[1, 1, 1, 1]","[-1.2332951614330063, 99.688179437061962, -0.95423146494519229, 100.01340141433846]"
20171017_191947,8,11.0,256,0,2,1824,0,"[1, 1, 1, 1]","[-0.66374559229964747, 99.757828370461013, -1.0155917091232078, 99.701067673804047]"
20171017_191947,8,10.0,256,0,2,1836,0,"[1, 1, 1, 1]","[-0.73701449672345187, -0.62917673516127059, -0.87480422353929654, 99.695038126622322]"
20171017_191947,7,7.0,256,0,2,1840,0,"[1, 1, 1, 1]","[-0.59066497093327597, -0.84878393155466392, -1.0211379777723502, 99.841381719020632]"
20171017_191947,7,10.0,256,0,0,1840,0,"[1, 1, 1, 1]","[-0.88519422693602035, 99.831003690699859, -0.88130828846643394, 99.83485513494341]"
20171017_191947,8,13.0,256,0,2,1844,0,"[1, 1, 1, 1]","[-0.7238294471416219, 99.977474816590188, -0.79700063829796763, 99.555579571416985]"
20171017_191947,8,15.0,256,0,2,1868,0,"[1, 1, 1, 1]","[-0.5825831943095926, -0.5441005530954196, -0.79476992134097624, 99.483118225391081]"
20171017_191947,8,13.0,256,0,1,1876,0,"[1, 1, 1, 1]","[-0.72868913650255174, -0.83714658406477493, -0.65528409431229384, 99.622779216087181]"
20171017_191947,7,8.0,256,0,2,1880,0,"[1, 0, 1, 1]","[-0.55578714554246711, inf, -1.0146317639834912, 100.00275504475631]"
20171017_191947,8,11.0,256,0,0,1880,1,"[1, 1, 1, 1]","[-1.1234883163254819, 99.761170975424776, -0.73429877710486535, 100.23574650355995]"
20171017_191947,8,11.0,256,0,3,1892,0,"[1, 1, 1, 1]","[-0.72265229308831114, 100.27416541862951, -0.72845368288344836, -0.73035898303629343]"
20171017_191947,7,9.0,256,0,0,1908,0,"[1, 1, 1, 1]","[-1.1721357832328272, 99.975932194787305, -0.72655292123753545, -0.72845619805263684]"
20171017_191947,7,5.0,256,0,2,1908,1,"[1, 1, 1, 1]","[-0.95457338104264722, 100.04249927917681, -1.2232741620256433, 99.196151968980757]"
20171017_191947,9,12.0,256,0,2,1916,0,"[1, 1, 1, 1]","[-0.64934809903484803, 100.27000489249643, -0.94951348369528754, 99.807472500673569]"
20171017_191947,9,12.0,256,0,2,1968,0,"[1, 1, 1, 1]","[-0.42378095249716441, 99.691150472260759, -0.79512038219967429, 99.877832734656593]"
20171017_191947,8,13.0,256,0,2,2000,0,"[1, 1, 1, 1]","[-0.4302850173099203, -0.51695263504658684, -0.94146184561466018, 99.95100173010367]"
20171017_191947,8,9.0,256,0,2,2000,0,"[1, 1, 1, 1]","[-0.57086931522165407, 99.76432348551441, -0.79500721480625303, 100.09694210733558]"
20171017_191947,8,14.0,256,0,2,2004,0,"[1, 1, 1, 1]","[-0.50432835150739963, 100.48788842760001, -0.64877735013232285, 100.1700809868271]"
20171017_191947,8,15.0,256,0,1,2008,0,"[0, 1, 1, 1]","[inf, -0.96314477297609924, -0.43668951200164507, 99.620743320657866]"
20171017_191947,7,5.0,256,0,2,2016,0,"[1, 1, 1, 1]","[-0.42513493355135734, -0.94796557808492488, -1.226709071193202, 99.632115470535524]"
20171017_191947,9,5.0,256,0,2,2016,0,"[1, 1, 1, 1]","[-1.1606593408055823, 99.983080240955644, -1.3739913532438459, 99.485640272085192]"
20171017_191947,9,6.0,256,0,2,2092,0,"[1, 1, 1, 1]","[-1.0190087659504701, 99.843259321918296, -1.2340245575575384, 100.07184435459891]"
20171017_191947,8,4.0,256,0,0,2096,0,"[1, 1, 0, 1]","[-1.1523029836036693, 99.770092203495466, inf, 99.501607960715205]"
20171017_191947,10,10.0,256,0,1,2096,0,"[0, 1, 0, 1]","[inf, -0.92677689501284322, inf, 99.732838133355074]"
20171017_191947,9,12.0,256,0,0,2124,0,"[1, 1, 1, 1]","[-0.80335586463853537, -0.72000718020784216, -0.72389620851821135, 100.74418817240507]"
20171017_191947,8,13.0,256,0,0,2124,0,"[1, 1, 1, 1]","[-0.80258868301662789, -0.79153120253311871, -0.79512030281753188, 99.989208876004838]"
20171017_191947,7,8.0,256,0,2,2124,1,"[1, 1, 1, 1]","[-0.58863247226227966, -0.94369384062614459, -1.0852839447750946, 99.699535789165211]"
20171017_191947,8,11.0,256,0,2,2124,0,"[1, 1, 1, 1]","[-0.80185916722494233, -0.86280357515419825, -0.8721509553439889, 99.725372443933793]"
20171017_191947,8,11.0,256,0,1,2132,0,"[1, 1, 0, 1]","[-0.59392663110838406, -1.0716170776604081, inf, 100.23602101022421]"
20171017_191947,8,9.0,256,0,1,2140,0,"[1, 1, 1, 1]","[-0.54448534575814522, -0.9474824688856841, -0.94121995823804272, 100.87676233518013]"
20171017_191947,7,7.0,256,0,1,2156,0,"[1, 1, 1, 1]","[-0.69229965345760236, -1.094307040170639, -1.0212714156975529, 100.05794523710682]"
20171017_191947,7,9.0,256,0,1,2156,0,"[1, 1, 1, 1]","[-0.62252124767124395, -0.94748247073066116, -0.79499832148865401, 100.65675993103363]"
20171017_191947,7,10.0,256,0,2,2160,0,"[1, 0, 1, 1]","[-0.31031118717734307, inf, -0.80174778823263082, 101.01654905392174]"
20171017_191947,7,7.0,256,0,1,2168,0,"[1, 1, 0, 1]","[-0.74596474199033402, -1.0210169316959381, inf, 100.35146194473904]"
20171017_191947,7,6.0,256,0,2,2200,1,"[1, 0, 1, 1]","[-0.74393887192552699, inf, -1.303836082238006, 99.555750311773608]"
20171017_191947,8,7.0,256,0,2,2204,0,"[1, 0, 1, 1]","[-0.80956665362282088, inf, -1.1609737073513628, 100.07178200873106]"
20171017_191947,8,7.0,256,0,1,2216,0,"[1, 1, 0, 1]","[-0.94149267396716563, -1.0070087866168409, inf, 99.721149358781304]"
20171017_191947,8,10.0,256,0,2,2232,0,"[1, 1, 1, 1]","[-0.73713881229067713, -0.80162411406350587, -1.1609870229360379, 99.998135067839755]"
20171017_191947,8,8.0,256,0,0,2240,1,"[1, 1, 1, 1]","[-1.2464404126995634, -1.2294781189322466, -1.0240571093461064, 99.719908411171701]"
20171017_191947,8,9.0,256,0,1,2244,0,"[1, 1, 1, 1]","[-0.80442055394306589, -1.1377147677337995, -0.87575319568790699, 100.56773475794175]"
20171017_191947,9,9.0,256,0,1,2252,0,"[1, 1, 1, 1]","[-0.90134262434313051, -1.1590319982277371, -1.0832406265657459, 100.5312356307212]"
20171017_191947,8,8.0,256,0,2,2272,0,"[1, 1, 1, 1]","[-0.95660365955161286, -0.94786094237485141, -1.0878005975322647, 101.09623649795748]"
20171017_191947,8,8.0,256,0,0,2272,1,"[1, 1, 0, 1]","[-1.6030315497659053, 99.401209500960718, inf, 101.3092485922065]"
20171017_191947,9,5.0,256,0,0,2304,0,"[1, 1, 1, 1]","[-1.3018043596852216, 99.616395948042964, -1.0861085041872141, 99.621743279196366]"
20171017_191947,9,8.0,256,0,0,2372,0,"[1, 1, 1, 1]","[-1.1619286839833194, 99.683066586108978, -1.0861262203160331, 99.972849983578513]"
20171017_191947,8,8.0,256,0,0,2500,0,"[1, 1, 1, 1]","[-1.0213706282930683, 100.04241135051841, -1.0122311151812007, 99.695079192115656]"
20171017_191947,7,7.0,256,0,0,2500,0,"[1, 1, 1, 1]","[-1.0277472129361738, 99.816367956761155, -0.87250513439369171, 99.330284677769953]"
20171017_191947,6,7.0,256,0,2,2500,1,"[0, 1, 1, 1]","[inf, 99.809383408918094, -1.234885256571467, 99.040901528659347]"
20171017_191947,8,9.0,256,0,2,2500,0,"[1, 1, 1, 1]","[-0.94797400990931602, 99.895822473215816, -1.1607360900828332, 100.05582644702659]"
20171017_191947,8,7.0,256,0,1,2516,0,"[1, 1, 0, 1]","[-0.81003662503683682, -1.2165755978875179, inf, 100.12236624617701]"
20171017_191947,8,5.0,256,0,2,2524,1,"[1, 0, 1, 1]","[-0.90883378633245937, inf, -1.5168387456740084, 99.327494742553739]"
20171017_191947,9,6.0,256,0,2,2540,0,"[1, 1, 1, 1]","[-0.82161550326293054, 99.83568058872784, -1.0811787947984552, 100.58301985469144]"
20171017_191947,9,10.0,256,0,0,2548,0,"[1, 0, 0, 1]","[-0.87292661466524935, inf, inf, 100.79601279821672]"
20171017_191947,8,12.0,256,0,2,2556,1,"[1, 1, 1, 1]","[-0.65624874811586709, -0.65067012224537368, -1.2306733643796921, 99.57434899090957]"
20171017_191947,8,9.0,256,0,2,2556,0,"[0, 1, 1, 1]","[inf, -0.72286747894464154, -1.2305735842828058, 99.430330154717112]"
20171017_191947,9,8.0,256,0,2,2560,0,"[1, 1, 1, 1]","[-0.8628686341947075, 99.762678065642035, -1.0146454455530609, 100.0099599197214]"
20171017_191947,8,8.0,256,0,0,2572,0,"[1, 1, 0, 1]","[-0.79524130303577423, 100.04854909381211, inf, 100.41326726128031]"
20171017_191947,8,9.0,256,0,0,2572,0,"[1, 1, 1, 1]","[-0.94338031872128658, 100.1948908845206, -0.86830020019775922, 100.12712764894418]"
20171017_191947,8,11.0,256,0,0,2588,0,"[1, 1, 1, 1]","[-0.8025845084824953, 100.33474553368137, -0.79896178172957633, 99.643226448328136]"
20171017_191947,7,9.0,256,0,2,2592,0,"[1, 1, 1, 1]","[-0.87527624210116861, 100.18841652011396, -0.87935194223752466, 99.176412914862624]"
20171017_191947,7,11.0,256,0,1,2592,0,"[1, 1, 0, 1]","[-0.65695517192783004, -1.2228576606919748, inf, 99.245389388615521]"
20171017_191947,7,8.0,256,0,2,2600,1,"[1, 1, 1, 1]","[-0.53623115674570709, -1.100811109830981, -1.2307937154060051, 99.993159000648816]"
20171017_191947,8,9.0,256,0,2,2604,0,"[1, 1, 1, 1]","[-0.59828039329820693, -0.87479484992554712, -1.0813117267492416, 100.0693630242644]"
20171017_191947,9,10.0,256,0,2,2640,0,"[1, 1, 1, 1]","[-0.88453588685040374, -0.94100694226401083, -0.94146721066217243, 100.57492330923928]"
20171017_191947,8,13.0,256,0,1,2652,0,"[1, 1, 1, 1]","[-0.95864115442018227, -1.1585764470477811, -0.73039507343031584, 100.15089621404888]"
20171017_191947,8,8.0,256,0,2,2652,1,"[1, 1, 1, 1]","[-0.9658857109554323, -1.0209028073794864, -1.3037103045634866, 100.06776163351063]"
20171017_191947,8,8.0,256,0,2,2656,0,"[1, 1, 1, 1]","[-0.65345232580230406, -0.86715839176870468, -1.1638881583736564, 99.573258833810556]"
20171017_191947,8,7.0,256,0,0,2664,0,"[1, 1, 0, 1]","[-1.2417078781945246, -1.0833019829254047, inf, 100.67223289828218]"
20171017_191947,8,7.0,256,0,2,2680,0,"[1, 1, 1, 1]","[-1.0952676780845718, -0.93599361130104386, -1.1648166473662771, 99.864587987399659]"
20171017_191947,8,10.0,256,0,2,2684,0,"[1, 1, 1, 1]","[-0.81197987118048742, -1.2184700972579012, -1.2406578825072629, 99.493190796646516]"
20171017_191947,7,6.0,256,0,1,2692,0,"[1, 1, 0, 1]","[-0.88332001361344725, -1.0702415133406924, inf, 100.11596654487353]"
20171017_191947,8,6.0,256,0,2,2692,1,"[1, 0, 1, 1]","[-0.98211101467562256, inf, -1.3770025349396489, 99.540459284549314]"
20171017_191947,8,6.0,256,0,2,2712,0,"[1, 0, 1, 1]","[-0.83771289972091856, inf, -1.0146322475814484, 99.829658038647125]"
20171017_191947,8,10.0,256,0,0,2716,0,"[1, 0, 0, 1]","[-1.1009281780755953, inf, inf, 100.64311740338425]"
20171017_191947,7,8.0,256,0,0,2724,0,"[1, 1, 1, 1]","[-0.94989123484488858, -0.86821448763059617, -0.80355731556817667, 100.29548658915249]"
20171017_191947,7,10.0,256,0,0,2724,0,"[1, 1, 0, 1]","[-0.80836349877738178, -0.72647631847932281, inf, 100.69937974952799]"
20171017_191947,6,8.0,256,0,0,2728,1,"[1, 1, 0, 1]","[-1.097562048821449, -1.0154370201619427, inf, 99.897275929709792]"
20171017_191947,6,8.0,256,0,1,2728,0,"[1, 1, 0, 1]","[-0.59222282547251204, -0.65284306262957148, inf, 99.896916514009575]"
20171017_191947,6,14.0,256,0,1,2732,0,"[1, 1, 0, 1]","[-0.53655133247061426, -0.59511815429786641, inf, 100.92230393964191]"
20171017_191947,5,12.0,256,0,0,2740,0,"[1, 0, 0, 1]","[-0.39671393409663036, inf, inf, 100.842633889046]"
20171017_191947,4,15.0,256,0,1,2740,0,"[0, 1, 0, 1]","[inf, -0.59834869138916358, inf, -0.022367077951459091]"
20171017_191947,3,10.0,256,0,2,2740,1,"[1, 0, 1, 1]","[-0.10869348942005952, inf, -0.89085625843387206, 100.06921084929508]"
20171017_191947,4,9.0,256,0,1,2740,0,"[1, 1, 1, 1]","[-0.60661436419672321, -0.81606585909998008, -0.60162507239111118, 100.36337000141819]"
20171017_191947,4,6.0,256,0,1,2760,0,"[1, 1, 1, 1]","[-0.75804033041724295, -0.96372987915494046, -0.81488173869482872, 100.87868296449133]"
20171017_191947,4,6.0,256,0,2,2792,0,"[1, 0, 1, 1]","[-0.46638836522133942, inf, -0.51545282383966529, 99.92553245334139]"
20171017_191947,6,11.0,256,0,2,2796,0,"[1, 1, 1, 1]","[-0.6637190706608157, -0.58668743340422502, -0.66372001372519029, 99.778741202119861]"
20171017_191947,6,9.0,256,0,0,2876,0,"[1, 0, 1, 1]","[-0.74435209456671547, inf, -0.73495840834881276, 99.925595562816454]"
20171017_191947,5,9.0,256,0,2,2880,1,"[1, 1, 1, 1]","[-0.59560224960488417, -0.59176455293582841, -0.88504100506934702, 99.462364271678339]"
20171017_191947,5,10.0,256,0,2,2880,0,"[1, 1, 1, 1]","[-0.60210573862084638, -0.67025718773796239, -0.8848987307132582, 100.51792709725345]"
20171017_191947,6,9.0,256,0,1,2884,0,"[1, 1, 0, 1]","[-0.53039909134652852, -0.79096414704237161, inf, 99.751609457188835]"
20171017_191947,6,10.0,256,0,2,2896,0,"[1, 0, 1, 1]","[-0.55559893954496131, inf, -0.7349669343148334, 100.34061000398846]"
20171017_191947,6,12.0,256,0,1,2912,0,"[1, 1, 1, 1]","[-0.84331341425528095, -0.88033281197761615, -0.52486090558434639, 100.28230086974553]"
20171017_191947,6,9.0,256,0,2,2916,1,"[1, 0, 1, 1]","[-0.5581336523930428, inf, -1.0241598520204391, 100.34383456569876]"
20171017_191947,6,10.0,256,0,2,2920,1,"[1, 1, 1, 1]","[-0.70152839602183292, -0.66732468923110133, -0.95389499387017185, 100.14568083721555]"
20171017_191947,6,13.0,256,0,0,2928,0,"[1, 1, 1, 1]","[-0.89069665640747442, -0.74145680377571688, -0.66178531245696415, 100.43566607723301]"
20171017_191947,5,7.0,256,0,0,2944,0,"[1, 1, 1, 1]","[-0.81511605681529808, -0.59175328405964023, -0.81077870644411543, 99.976822512087821]"
20171017_191947,5,9.0,256,0,2,2944,1,"[0, 1, 1, 1]","[inf, -0.59730334182515699, -0.95459619185026645, 99.686187009962168]"
20171017_191947,6,11.0,256,0,2,2948,0,"[1, 1, 1, 1]","[-0.66924836190863768, -0.65592507257401511, -0.95831299944624548, 100.37084094083053]"
20171017_191947,6,9.0,256,0,1,2984,0,"[1, 1, 1, 1]","[-0.73948984503593318, -0.93854760925120673, -0.81463274631196936, 100.365345586695]"
20171017_191947,6,9.0,256,0,2,2992,0,"[1, 0, 1, 1]","[-0.59995547524210757, inf, -0.6617867283146297, 100.21821584611139]"
20171017_191947,6,13.0,256,0,0,2996,0,"[1, 1, 0, 1]","[-0.81175624369885968, -0.73471848702212272, inf, 100.87853370791629]"
20171017_191947,6,11.0,256,0,0,3004,0,"[1, 1, 1, 1]","[-0.66925453269003732, -0.59126890529918574, -0.59512101007492979, 100.47532676080806]"
20171017_191947,5,12.0,256,0,1,3008,0,"[1, 1, 0, 1]","[-0.52869504558161773, -0.59682891520606018, inf, 0.1178892174401065]"
20171017_191947,4,11.0,256,0,0,3008,0,"[1, 0, 1, 1]","[-0.61126313057856829, inf, -0.60162507171711832, 100.21321597101877]"
20171017_191947,3,8.0,256,0,0,3008,1,"[1, 1, 1, 1]","[-0.89733527871729291, -0.60152249974623206, -0.53785192052598285, 99.810975777788173]"
20171017_191947,3,7.0,256,0,0,3008,0,"[1, 1, 1, 1]","[-0.75495175261722114, -0.3854880605602411, -0.61102262772091009, 99.810974430862146]"
20171017_191947,3,13.0,256,0,2,3012,0,"[1, 1, 1, 1]","[-0.6155940975533547, -0.2451872586607593, -0.82354561844095509, 100.4666235308389]"
20171017_191947,4,6.0,256,0,0,3020,0,"[1, 1, 0, 1]","[-0.81165562364862143, -0.79767923239226679, inf, 99.664777244343767]"
20171017_191947,6,11.0,256,0,0,3040,0,"[1, 1, 1, 1]","[-0.66924673145983948, -0.58119284263756499, -0.44611132373024864, 100.36791737821075]"
20171017_191947,5,12.0,256,0,2,3084,0,"[0, 1, 1, 1]","[inf, -0.15688092463696535, -0.23405267541111818, 99.892678106436037]"
20171017_191947,5,14.0,256,0,2,3084,0,"[0, 1, 1, 1]","[inf, -0.012467513298578647, -0.449731902034746, 99.748309114673646]"
20171017_191947,5,16.0,256,0,0,3092,0,"[1, 1, 1, 1]","[-0.45718185267413092, -0.30420912214817752, -0.38211196468045339, 100.03497948650023]"
20171017_191947,4,13.0,256,0,2,3096,1,"[0, 1, 1, 1]","[inf, -0.30836301105329267, -0.45369674545412586, 100.70246942996206]"
20171017_191947,4,12.0,256,0,1,3096,0,"[1, 1, 1, 1]","[-0.16993577240619162, -0.5926956416641298, -0.52952244322399433, 100.73300992468361]"
20171017_191947,4,12.0,256,0,2,3104,0,"[1, 0, 1, 1]","[-0.24675652778795909, inf, -0.30894169085492429, 100.57667677405013]"
20171017_191947,4,18.0,256,0,0,3120,0,"[1, 1, 1, 1]","[-0.3921417352690697, -0.3144951656345919, -0.38957173800766776, 100.10195444354834]"
20171017_191947,3,16.0,256,0,2,3124,0,"[1, 1, 1, 1]","[-0.24322506695489565, -0.16464557820352421, -0.53590892200744267, 99.953151502543321]"
20171017_191947,3,12.0,256,0,0,3124,0,"[1, 1, 1, 1]","[-0.38957026359852187, -0.31027538342047989, -0.38862159553590048, 100.09997676826671]"
20171017_191947,3,16.0,256,0,0,3128,0,"[1, 1, 1, 1]","[-0.53590618681438973, -0.38249957599610007, -0.24877956134967172, 0.03681968897181398]"
20171017_191947,3,13.0,256,0,2,3132,1,"[1, 1, 1, 1]","[-0.39559214352631433, -0.16855316919389762, -0.67971207088436136, 100.10201620821428]"
20171017_191947,3,11.0,256,0,0,3136,0,"[1, 1, 1, 1]","[-0.53684579517711617, -0.45331901303278477, -0.24984345301664357, 100.78449343022113]"
20171017_191947,3,11.0,256,0,1,3144,0,"[0, 1, 1, 1]","[inf, -0.39323721518398613, -0.32488927629335795, 100.16849293969149]"
20171017_191947,2,12.0,256,0,0,3148,0,"[1, 0, 1, 1]","[-0.25716914556102344, inf, -0.256348420905532, 100.55847975466587]"
20171017_191947,1,15.0,256,0,1,3148,0,"[0, 1, 1, 1]","[inf, -0.26037783730958453, 0.24841269080902895, 101.18691795068391]"
20171017_191947,0,8.0,256,0,2,3148,2,"[1, 1, 1, 1]","[-0.25971573644307866, -0.40417343602007438, -0.54300307610218979, 100.17673882381682]"
20171017_191947,2,16.0,256,0,0,3148,0,"[1, 1, 1, 1]","[-0.54286660245001217, -0.5409969049952339, -0.022791669385741731, 100.98569012731221]"
20171017_191947,2,15.0,256,0,0,3176,0,"[1, 1, 1, 1]","[-0.40209004363412393, -0.32659004065987496, -0.315479124861483, 0.11657572037587483]"
20171017_191947,1,13.0,256,0,0,3180,1,"[1, 1, 1, 1]","[-0.6912902598661933, -0.6153257041533543, -0.17563714652898765, 0.11782823362470307]"
20171017_191947,1,11.0,256,0,1,3180,0,"[1, 1, 1, 1]","[-0.18351373079202116, -0.39883714800589742, -0.3219785971455813, -0.02851358258924952]"
20171017_191947,1,10.0,256,0,2,3184,0,"[1, 1, 1, 1]","[-0.19047753822095914, -0.0418083097624804, -0.24325470579522257, 99.953321825406718]"
20171017_191947,3,14.0,256,0,0,3192,0,"[1, 0, 0, 1]","[-0.32381818114174954, inf, inf, 100.45950299264342]"
20171017_191947,2,13.0,256,0,1,3220,0,"[0, 1, 1, 1]","[inf, -0.17979011100237008, 0.042036180844702731, 100.97801833332841]"
20171017_191947,1,15.0,256,0,1,3220,0,"[1, 1, 1, 1]","[0.24947755074357625, 0.10453225489460094, 0.25691148163351185, 0.98113607057700869]"
20171017_191947,0,12.0,256,0,0,3220,1,"[1, 1, 1, 1]","[-0.11335834947496393, -0.11149583785706885, 0.10406595275208042, 0.030887924231372876]"
20171017_191947,0,10.0,256,0,1,3220,0,"[1, 1, 1, 1]","[-0.03763227041151529, -0.17932850625098573, 0.25504610227307145, 101.2634243955667]"
20171017_191947,1,15.0,256,0,2,3224,1,"[1, 1, 1, 1]","[0.24854861437587217, 0.1777029823384968, -0.4713270277218875, -0.039223185318188358]"
20171017_191947,1,12.0,256,0,0,3236,1,"[1, 1, 1, 1]","[-0.68753381548681092, -0.38516551066877025, -0.32851365767567065, -0.10812586571134064]"
20171017_191947,2,7.0,256,0,2,3252,0,"[1, 1, 1, 1]","[-0.25017331384163333, -0.16595725346555612, -0.67433489703623173, 99.813545152640017]"
20171017_191947,4,12.0,256,0,0,3288,1,"[1, 1, 1, 1]","[-0.8190351590105629, -0.80883558393227606, -0.67433147868379439, 99.812854532704407]"
20171017_191947,4,13.0,256,0,0,3364,0,"[1, 1, 1, 1]","[-0.68176250540739147, -0.44507548937510033, -0.46179224777541261, -0.030621122889118002]"
20171017_191947,4,13.0,256,0,2,3372,0,"[1, 1, 1, 1]","[-0.68152430770824157, -0.59111834963143384, -0.69117674663372108, 99.878745201227204]"
20171017_191947,4,11.0,256,0,0,3388,1,"[1, 1, 1, 1]","[-0.81832745024940268, -0.8133537456548412, -0.67456986479281689, 99.886897771908934]"
20171017_191947,4,11.0,256,0,1,3420,0,"[1, 1, 1, 1]","[-0.67237205261727195, -0.80965139908170869, -0.46178773222189506, -0.029713149611710232]"
20171017_191947,5,11.0,256,0,1,3424,0,"[1, 1, 1, 1]","[-0.82464398187637944, -0.88689780340009405, -0.59466307816194142, 100.36094375152453]"
20171017_191947,5,8.0,256,0,2,3436,0,"[1, 0, 1, 1]","[-0.53663337247530141, inf, -0.81462880583999031, 100.12725385986916]"
20171017_191947,5,10.0,256,0,1,3444,0,"[1, 1, 0, 1]","[-0.66886841067157576, -0.89968192819040249, inf, 100.23873747407153]"
20171017_191947,5,5.0,256,0,2,3460,0,"[1, 1, 1, 1]","[-0.74115841660187565, -0.74748500760141545, -0.87504839026457648, 100.28076572355953]"
20171017_191947,7,11.0,256,0,0,3492,1,"[1, 1, 0, 1]","[-0.73123428344160446, 100.18445140145604, inf, 100.07720205308416]"
20171017_191947,7,11.0,256,0,0,3688,0,"[1, 1, 0, 1]","[-1.6303549195011549, 100.76165483096736, inf, 100.46343179912401]"
20171017_191947,7,14.0,512,0,2,3944,0,"[1, 1, 1, 1]","[-0.51556803579594901, 100.76604678365089, -0.58861717511224776, 100.27044532321487]"
20171017_191947,6,13.0,512,0,1,4456,0,"[0, 1, 0, 1]","[inf, -0.66623794830398209, inf, 100.04813041894927]"
20171017_191947,5,12.0,512,0,1,4456,0,"[1, 1, 1, 1]","[-0.31124467611065709, -0.60138384394601374, -0.4421622218984379, 100.08461993108142]"
20171017_191947,4,8.0,512,0,1,4456,0,"[1, 1, 1, 1]","[-0.38934150041607873, -0.46093831184480649, -0.44325508136374225, 100.15384614604166]"
20171017_191947,3,15.0,512,0,1,4456,0,"[1, 1, 1, 1]","[-0.31702164852233539, -0.38813276922983919, -0.23073337434942209, 100.22406442527208]"
20171017_191947,3,9.0,512,0,1,4456,1,"[1, 1, 1, 1]","[-0.53353363746130666, -0.6037955587847732, -0.51944496331717438, 100.0081597104075]"
20171017_191947,3,12.0,512,0,2,4460,1,"[1, 1, 1, 1]","[-0.027493217671225256, -0.24204089921222849, -0.52497927379809606, 100.22118213153675]"
20171017_191947,4,14.0,512,0,2,4464,1,"[1, 1, 1, 1]","[-0.17117454918774122, -0.24203431224409822, -0.59814122097616118, 100.15001778961785]"
20171017_191947,4,10.0,512,0,0,4476,0,"[1, 1, 1, 1]","[-0.52452708188727704, -0.22602259215612341, -0.37561118027506291, 100.5188877534965]"
20171017_191947,5,14.0,512,0,1,4484,0,"[0, 1, 1, 1]","[inf, -0.30592259443242009, -0.083896569628360784, 100.55985517090332]"
20171017_191947,4,15.0,512,0,2,4504,1,"[1, 0, 1, 1]","[-0.025791968157077738, inf, -0.45179904493881551, 100.43717901291127]"
20171017_191947,4,13.0,512,0,2,4504,1,"[1, 1, 1, 1]","[-0.38021840550592934, -0.37535999825820365, -0.52484893402441357, 100.07503237135927]"
20171017_191947,4,11.0,512,0,0,4508,0,"[1, 1, 1, 1]","[-0.60343962736402035, -0.5280878146590271, -0.30231700919294247, 100.59003296679947]"
20171017_191947,4,11.0,512,0,2,4516,1,"[0, 1, 1, 1]","[inf, -0.24022014452831431, -0.59357827582820322, 99.830938568022873]"
20171017_191947,5,12.0,512,0,2,4520,0,"[1, 1, 1, 1]","[-0.085221763291304486, -0.29561050780116283, -0.44421567039290621, 100.15705499017943]"
20171017_191947,6,17.0,512,0,0,4540,0,"[1, 1, 1, 1]","[-0.4460147572863945, -0.2873036033193751, -0.22926805664715688, 100.07787539436828]"
20171017_191947,6,17.0,512,0,0,4552,0,"[1, 1, 1, 1]","[-0.30340034307114905, -0.21694469513118531, -0.29978634813527483, 100.74219792952546]"
20171017_191947,5,19.0,512,0,0,4560,0,"[1, 1, 1, 1]","[-0.38235250996597658, -0.29567189663516202, -0.38042300088423053, 100.04573859649456]"
20171017_191947,4,17.0,512,0,2,4560,0,"[1, 1, 1, 1]","[-0.23589214334958375, -0.14909497462578369, -0.30712874908529553, 100.26515462949446]"
20171017_191947,5,16.0,512,0,1,4560,0,"[1, 1, 0, 1]","[-0.084718492749753849, -0.37346696023755666, inf, 99.748796702204288]"
20171017_191947,5,14.0,512,0,2,4580,0,"[1, 0, 1, 1]","[0.12565953138834662, inf, -0.30243832155521821, 100.44033788148164]"
20171017_191947,5,17.0,512,0,0,4588,0,"[1, 0, 0, 1]","[0.12877371503519375, inf, inf, 100.80331669934517]"
20171017_191947,4,20.0,512,0,1,4592,0,"[1, 1, 0, 1]","[0.19579347746976961, 0.051714248956062803, inf, 100.40042557960038]"
20171017_191947,3,16.0,512,0,0,4592,0,"[1, 1, 0, 1]","[-0.0250272534974052, -0.021925480520789131, inf, 100.32133293575649]"
20171017_191947,3,17.0,512,0,2,4592,0,"[1, 1, 1, 1]","[0.11683593820787563, -0.026174463016812699, -0.23673062768204733, 99.747961974470911]"
20171017_191947,4,15.0,512,0,0,4596,0,"[1, 1, 0, 1]","[-0.23935123103398115, -0.1592574252746386, inf, 100.25413770573742]"
20171017_191947,4,17.0,512,0,2,4608,0,"[0, 1, 1, 1]","[inf, -0.16173570434156592, -0.24386117486882131, 99.891112960008201]"
20171017_191947,4,14.0,512,0,2,4624,0,"[1, 1, 1, 1]","[-0.19276268936716856, -0.35179143170534632, -0.38211566486486226, 99.675670067319288]"
20171017_191947,4,12.0,512,0,2,4656,0,"[1, 1, 1, 1]","[-0.40551512096641662, -0.19836640481779411, -0.4557563233255042, 99.602265883440481]"
20171017_191947,4,13.0,512,0,3,4660,0,"[1, 1, 0, 1]","[-0.11445364397605007, -0.27062729693989074, inf, -0.46387322178152046]"
20171017_191947,3,14.0,512,0,0,4664,1,"[1, 1, 1, 0]","[-0.37912370152760144, 100.32320497342373, 0.26337834987607778, inf]"
20171017_191947,4,19.0,512,0,0,4664,0,"[1, 1, 1, 1]","[-0.45710934607005971, 100.31966965265428, -0.096004393305620939, -0.095935418417071094]"
20171017_191947,4,14.0,512,0,2,4704,1,"[1, 1, 1, 1]","[-0.45528776046316222, 100.31967927623629, -0.66249120230234471, -0.22771633263416369]"
20171017_191947,5,11.0,512,0,2,4768,0,"[1, 1, 1, 1]","[-0.082970806788086882, 100.72925975791303, -0.44229100538828481, -0.22702063150977214]"
20171017_191947,6,16.0,512,0,0,4900,0,"[1, 1, 1, 1]","[-0.58908727864401056, -0.18622234573214302, -0.30243833545805432, -0.087167666183116554]"
20171017_191947,6,14.0,512,0,2,4912,0,"[0, 1, 1, 1]","[inf, -0.046170395101936768, -0.51639100435534246, 100.12400285053204]"
20171017_191947,6,15.0,512,0,2,4916,0,"[1, 1, 1, 1]","[-0.37286101268199967, 0.033384597229866531, -0.58862338982560114, 99.904967728205833]"
20171017_191947,6,16.0,512,0,2,4924,0,"[1, 1, 1, 1]","[-0.44568086661142814, -0.18614730829475734, -0.44878025848763126, 100.19114960936282]"
20171017_191947,5,15.0,512,0,2,4928,0,"[1, 1, 1, 1]","[-0.30619431759709814, -0.078702812361217789, -0.30894492396592432, 99.891943250508277]"
20171017_191947,4,12.0,512,0,2,4928,1,"[1, 1, 1, 1]","[-0.30595719587668169, -0.2250676757302108, -0.6713121980936354, 99.822257083421547]"
20171017_191947,4,13.0,512,0,2,4928,0,"[1, 1, 1, 1]","[-0.3790235913675174, -0.045855521277043843, -0.38211359192945149, 0.27217483828040856]"
20171017_191947,4,14.0,512,0,0,4932,0,"[1, 1, 0, 1]","[0.059956790794484238, 100.72934691967325, inf, 0.1925009583674806]"
20171017_191947,5,16.0,512,0,3,4940,0,"[1, 1, 1, 1]","[0.063180787866015997, 100.80266899124187, 0.063531671469258311, -0.23308724907539113]"
20171017_191947,5,18.0,512,0,3,4972,0,"[1, 1, 1, 1]","[0.062922445074304001, 101.13133144372554, 0.067335653213179691, -0.30243982062863173]"
20171017_191947,5,14.0,512,0,2,4976,0,"[1, 1, 1, 0]","[-0.15656164032407871, 100.83864958402644, -0.16269830921385764, inf]"
20171017_191947,4,17.0,512,0,2,4980,0,"[1, 1, 1, 1]","[0.12997939538624848, 0.24862542378507402, -0.022766047382039911, 0.05047042242423605]"
20171017_191947,3,16.0,512,0,3,4980,1,"[1, 1, 1, 1]","[0.12347533071647954, 0.31418871210027322, -0.2387939219398767, -0.38506782776166315]"
20171017_191947,3,15.0,512,0,2,4980,0,"[1, 1, 1, 1]","[0.12311317352614193, 101.46959939895024, -0.022838955312806775, -0.022731470307249313]"
20171017_191947,3,19.0,512,0,0,4984,0,"[1, 1, 1, 1]","[0.1170722608745538, 0.27895863375783247, 0.11707362566028423, 0.11718178492941411]"
20171017_191947,2,17.0,512,0,3,4992,0,"[0, 1, 1, 1]","[inf, 0.3445229427837998, 0.11707135102567867, -0.10236612241746634]"
20171017_191947,2,14.0,512,0,2,4992,0,"[1, 1, 1, 0]","[0.12309862516257986, 101.68910463416029, -0.10894138335695258, inf]"
20171017_191947,1,17.0,512,0,3,4996,0,"[1, 1, 0, 1]","[0.26292339797479891, 101.796392350948, inf, 0.25040548041939492]"
20171017_191947,0,17.0,512,0,0,4996,1,"[1, 1, 0, 0]","[0.4062297628553948, 101.71995148864677, inf, inf]"
20171017_191947,1,20.0,512,0,2,4996,1,"[1, 1, 1, 1]","[0.84223288307131772, 101.78963556986825, -0.16787593877593254, 0.26683927235715488]"
20171017_191947,2,10.0,512,0,0,5008,2,"[1, 1, 1, 1]","[-0.52243422641643278, 100.43721782275743, -0.3219509912339541, -0.24878345542201163]"
20171017_191947,4,12.0,512,0,3,5020,0,"[1, 1, 0, 1]","[-0.016367960143064963, 100.94895405614034, inf, -0.022678362258899964]"
20171017_191947,3,17.0,512,0,2,5048,0,"[1, 1, 1, 1]","[0.18975280410942474, 101.33235822991121, -0.24880797124752929, 0.19025120094661663]"
20171017_191947,2,14.0,512,0,3,5048,0,"[1, 1, 0, 1]","[-0.030222956151834124, 100.93553636321055, inf, -0.035774068258040526]"
20171017_191947,1,16.0,512,0,3,5048,1,"[1, 1, 1, 1]","[0.47547758015725594, 101.0744158309452, -0.25179840772147999, -0.25180046035885661]"
20171017_191947,1,14.0,512,0,2,5048,0,"[1, 1, 1, 1]","[-0.24974334480930604, 100.89366478676206, -0.25528272827959564, 0.18373858300929524]"
20171017_191947,1,14.0,512,0,0,5052,0,"[1, 1, 1, 1]","[-0.24326117455985052, 100.90112492435155, 0.10406595293337317, 0.32357620945402066]"
20171017_191947,4,15.0,512,0,2,5060,0,"[0, 1, 1, 1]","[inf, 100.81967227969197, 0.041147707450880588, 100.61965723926831]"
20171017_191947,4,20.0,512,0,0,5120,0,"[1, 1, 0, 1]","[-0.097068875441808311, 0.33248287615233785, inf, 100.84058542190589]"
20171017_191947,3,18.0,512,0,2,5184,0,"[0, 1, 1, 1]","[inf, 0.7635797430300979, -0.24227608885170437, -0.24223134457360163]"
20171017_191947,3,15.0,512,0,0,5184,1,"[1, 1, 0, 1]","[-0.23882037347017659, 100.83787494376288, inf, 0.043947405915846893]"
20171017_191947,3,13.0,512,0,2,5188,0,"[1, 1, 1, 1]","[-0.16916267716409816, 101.12829362882238, -0.31544670926758234, -0.31538771974256374]"
20171017_191947,3,17.0,512,0,2,5196,0,"[1, 1, 1, 1]","[-0.022850374570648757, 100.96705284926111, -0.17560908829191457, -0.02920841277664199]"
20171017_191947,2,20.0,512,0,2,5200,1,"[1, 1, 1, 1]","[0.33649921894446289, 101.04711342159507, -0.4648076945638403, -0.39157841857456321]"
20171017_191947,2,18.0,512,0,2,5200,0,"[1, 1, 1, 1]","[0.40966995067095646, 100.82760101944449, -0.17560886569042888, -0.029208858006866789]"
20171017_191947,2,20.0,512,0,2,5204,0,"[1, 1, 1, 1]","[0.11695875341524764, 101.12034048712664, -0.24877981999952903, -0.17555121182863298]"
20171017_191947,2,13.0,512,0,3,5212,0,"[1, 1, 0, 1]","[0.19013037565605306, 100.97399887891352, inf, -0.10894576064931716]"
20171017_191947,1,18.0,512,0,2,5216,0,"[1, 1, 1, 1]","[0.33001017982039493, 101.31627637111538, 0.10406682145773349, 0.25040639276458276]"
20171017_191947,0,13.0,512,0,0,5216,0,"[1, 1, 0, 0]","[0.26333638985475227, 100.97394057838626, inf, inf]"
20171017_191947,2,23.0,512,0,3,5216,0,"[0, 1, 1, 1]","[inf, 101.33216053200482, 0.40325314543782509, 0.11056821535705708]"
20171017_191947,1,21.0,512,0,0,5244,1,"[1, 1, 1, 0]","[0.26038242500105602, 101.04296089193566, 0.39674941427081445, inf]"
20171017_191947,1,16.0,512,0,3,5244,0,"[1, 1, 1, 1]","[0.84139010769591449, 101.18579357841021, 0.19021296376637364, -0.029233347563457746]"
20171017_191947,2,22.0,512,0,3,5260,1,"[1, 1, 1, 1]","[-0.17214135059153457, 100.81515598986981, -0.099020701214003193, -0.24529650112958512]"
20171017_191947,2,21.0,512,0,0,5296,1,"[1, 1, 1, 1]","[-0.025799887169815516, 100.88832628206308, 0.11700728467385391, 0.19024267820484142]"
20171017_191947,2,21.0,512,0,3,5300,0,"[1, 1, 1, 1]","[0.042997855854934652, 0.61718697381343435, -0.096005518617486407, -0.16910101678364309]"
20171017_191947,3,17.0,512,0,2,5308,0,"[1, 1, 1, 0]","[0.12266908741118732, 101.04144432621842, 0.11699782557968375, inf]"
20171017_191947,2,24.0,512,0,1,5320,0,"[1, 1, 1, 1]","[0.330080410539348, 0.041021787780377683, 0.33008174594983819, 0.18381717992259594]"
20171017_191947,1,17.0,512,0,1,5320,0,"[1, 1, 1, 1]","[0.18010401652484598, -0.10871445515341371, 0.47596683532665107, 101.19344214240672]"
20171017_191947,1,17.0,512,0,2,5320,0,"[1, 0, 1, 1]","[0.46742036918621621, inf, 0.26318739147829384, 100.61035215630973]"
20171017_191947,2,20.0,512,0,0,5324,0,"[1, 1, 1, 1]","[-0.10984965384732637, 0.40371066845541004, 0.18978705107956273, 100.53707113930793]"
20171017_191947,1,18.0,512,0,2,5348,0,"[0, 1, 1, 1]","[inf, 0.3978828190223942, 0.19024390243902456, 100.6097943082666]"
20171017_191947,2,21.0,512,0,0,5348,0,"[1, 1, 0, 1]","[-0.17044719893002669, -0.16616871998431559, inf, 0.69114222086799892]"
20171017_191947,3,15.0,512,0,1,5368,0,"[1, 1, 1, 1]","[-0.02949432117653239, -0.17133790655600833, -0.017173175335639668, 100.69424609849372]"
20171017_191947,2,13.0,512,0,2,5404,0,"[1, 0, 1, 1]","[0.036259956350767064, inf, -0.31550742364034923, 100.17834696269954]"
20171017_191947,3,12.0,512,0,2,5404,0,"[1, 1, 1, 1]","[-0.24250398854328736, -0.094451765919015718, -0.38907480256662108, 100.10498110119804]"
20171017_191947,3,15.0,512,0,1,5472,1,"[1, 1, 0, 1]","[-0.4543023081524491, -0.52292291900972487, inf, 100.83028273264182]"
20171017_191947,4,16.0,512,0,1,5476,0,"[1, 1, 0, 1]","[-0.16395509800760921, -0.30711050441426191, inf, 101.12218003495218]"
20171017_191947,4,16.0,512,0,1,5492,0,"[1, 1, 1, 1]","[-0.16980850069919984, -0.24147627353996937, -0.23577012516435758, 100.68964441663572]"
20171017_191947,3,13.0,512,0,1,5508,1,"[1, 1, 1, 1]","[-0.31346562100146902, -0.53067497126397578, -0.31544492216749331, 100.17854733374652]"
20171017_191947,3,13.0,512,0,2,5508,0,"[1, 1, 1, 1]","[-0.24297907177107181, -0.1680843054611928, -0.31544492242260302, 100.17837659870312]"
20171017_191947,3,12.0,512,0,2,5512,0,"[1, 1, 1, 1]","[-0.16933013308365763, -0.16762874650714255, -0.38907480195498345, 100.10497910183591]"
20171017_191947,3,15.0,512,0,1,5544,0,"[1, 1, 0, 1]","[-0.09821269274395461, -0.31362657336408772, inf, 100.75711000235742]"
20171017_191947,3,14.0,512,0,2,5548,0,"[1, 0, 1, 1]","[-0.10289525254628407, inf, -0.16910524464971277, 100.32471653553515]"
20171017_191947,3,18.0,512,0,0,5556,0,"[1, 1, 0, 1]","[-0.17583826445680506, -0.029040676934460774, inf, 100.90757840620279]"
20171017_191947,2,14.0,512,0,1,5560,0,"[1, 1, 1, 1]","[-0.029496696657735688, -0.17492632857918677, -0.029725100632544743, 101.05369246042935]"
20171017_191947,2,15.0,512,0,0,5560,0,"[1, 0, 1, 1]","[-0.18302448897580059, inf, 0.043903331835995707, 101.12295282238939]"
20171017_191947,1,15.0,512,0,2,5564,0,"[1, 1, 1, 1]","[-0.036227276550113929, 0.1846496750514478, -0.38884534559213035, 100.10475217367306]"
20171017_191947,3,16.0,512,0,0,5564,0,"[1, 1, 0, 1]","[-0.16978864999433863, -0.093655160390058056, inf, 100.98063616403977]"
20171017_191947,3,19.0,512,0,0,5584,0,"[1, 1, 0, 1]","[-0.31590155488852401, -0.092985811545277297, inf, 1.209833205465306]"
20171017_191947,3,15.0,512,0,2,5600,0,"[0, 1, 1, 1]","[inf, 0.044812607834209817, -0.096846909311682605, 100.39642128134598]"
20171017_191947,3,20.0,512,0,1,5604,0,"[1, 1, 0, 1]","[0.11684544283674159, -0.17538291776468473, inf, 101.34626930962325]"
20171017_191947,2,20.0,512,0,1,5612,0,"[1, 1, 1, 1]","[0.043220145508524821, -0.029041454551837154, 0.19024434721967376, 101.19992740366182]"
20171017_191947,2,17.0,512,0,0,5612,0,"[1, 0, 0, 1]","[0.18283228062018719, inf, inf, 100.67642571942956]"
20171017_191947,1,18.0,512,0,2,5616,0,"[1, 1, 1, 1]","[0.46991781023301193, 0.25108566490581785, 0.11056955016804693, 0.18387084699118761]"
20171017_191947,1,20.0,512,0,0,5616,0,"[1, 1, 0, 1]","[0.39674707852608981, 0.39742712801858071, inf, 0.90907821037580749]"
20171017_191947,0,17.0,512,0,1,5620,1,"[1, 1, 0, 0]","[0.18071920396321062, 0.035058677784008951, inf, inf]"
20171017_191947,0,16.0,512,0,0,5620,0,"[1, 1, 1, 1]","[0.32357545827759671, 0.47060125717525891, 0.32357812451973844, 0.61625560777130084]"
20171017_191947,0,17.0,512,0,2,5624,0,"[0, 0, 1, 1]","[inf, inf, 0.25039939410495315, 0.98224891037987527]"
20171017_191947,0,14.0,512,0,0,5632,1,"[1, 1, 0, 0]","[-0.10657324521227696, -0.03102383533234554, inf, inf]"
20171017_191947,1,17.0,512,0,0,5648,0,"[1, 1, 0, 1]","[0.043216210631734864, 0.26972118848194782, inf, 0.6162556128985055]"
20171017_191947,2,15.0,512,0,0,5684,0,"[1, 1, 1, 1]","[-0.029493625378556709, 0.050891301135307376, 0.042085583273798965, 101.12525893427896]"
20171017_191947,2,17.0,512,0,1,5700,0,"[0, 1, 1, 1]","[inf, 0.043708917702714567, 0.26159819092266479, 101.27148778033862]"
20171017_191947,1,20.0,512,0,2,5704,0,"[1, 0, 1, 1]","[0.61128012524019404, inf, 0.25691056910569121, 100.8958956711237]"
20171017_191947,1,19.0,512,0,2,5704,0,"[1, 1, 1, 1]","[0.32312333364645296, 0.54331771958631625, 0.25645399172167682, 100.82250000947261]"
20171017_191947,1,21.0,512,0,0,5720,0,"[1, 1, 0, 1]","[0.46946521116583573, 0.54331751131359396, inf, 0.75781193721127771]"
20171017_191947,0,18.0,512,0,1,5724,1,"[1, 1, 0, 0]","[0.25388993408803429, 0.18140135180594974, inf, inf]"
20171017_191947,0,15.0,512,0,0,5724,0,"[1, 1, 0, 0]","[0.036263577358067511, 0.0380806771354395, inf, inf]"
20171017_191947,1,19.0,512,0,0,5728,0,"[1, 1, 1, 1]","[0.39674618803178641, 0.54444892908110731, 0.62185315032337485, 101.41214088468701]"
20171017_191947,0,18.0,512,0,2,5740,0,"[0, 0, 1, 1]","[inf, inf, 0.61534908771454022, 101.03962524435617]"
